.Random.seed <-
c(10403L, 10L, -534604858L, 446300240L, 2062855283L, 381730961L, 
-1692966720L, 434293406L, -1154677143L, 1623111323L, -210265174L, 
2080505804L, -71732593L, -1497736507L, 604582524L, -1768923438L, 
-194528691L, 1350948615L, 448609006L, 1183526856L, -782634805L, 
1666044201L, 1778542968L, 1084718758L, -581834559L, -850534061L, 
-1474834942L, 2030933812L, -520973129L, -762870611L, 1690771908L, 
1072644586L, -1910415787L, 507342831L, -1016012810L, -842295008L, 
1367021283L, -261099647L, -736069136L, -510039922L, 1924403193L, 
-531569269L, -222690886L, -1307508548L, -29907969L, -1669484203L, 
1056844396L, 1188019906L, -1734022883L, 1137246103L, 740309758L, 
-486825800L, -1614173541L, 1183385849L, 1472445000L, -1289919114L, 
-1976060751L, -2118567709L, -1228261454L, -1403574268L, 681540423L, 
1420300829L, 983083156L, -720607174L, -1591735675L, -20202657L, 
1100633062L, 72162928L, 735400339L, -679340495L, -566047520L, 
2094079358L, -1701523447L, -362790853L, 1556876810L, 1039769068L, 
868815471L, -900768347L, -310338212L, 143581490L, 1718763565L, 
2046983911L, 2115703822L, -1772315160L, 1426917355L, 311203977L, 
418085912L, 480467782L, -1960007263L, -624584653L, -1096591966L, 
-1351667564L, -999925993L, -1576066803L, -438745052L, 1058670602L, 
-1283146379L, 1870769359L, -246218794L, -13844608L, -871320637L, 
1517155681L, -1330213936L, -2115327186L, 271914713L, 605816043L, 
1366508890L, 548796188L, 1513320991L, -1353149835L, 1022123788L, 
1173017314L, 1862879165L, 1791983671L, 2094697182L, -1994000872L, 
-1036478085L, -1455828711L, 1379941800L, -598302378L, 476373457L, 
-263806589L, -276062190L, -46476380L, 983819111L, -1021052739L, 
-1294284L, 762778522L, -389668891L, 731392895L, -233547002L, 
995710096L, -975510221L, -1986985263L, -874248064L, 965488990L, 
1309099689L, 1165111643L, -2104632470L, 911184396L, -1341656497L, 
818798341L, 368875452L, -115338606L, -753313395L, 1602191815L, 
-1642044754L, -264262904L, 1241782539L, -1729058839L, 1055588536L, 
-1208047770L, 872809473L, -1025314157L, 919573826L, -1130005772L, 
2066974455L, 903071469L, 1744900484L, -204365910L, -1095555819L, 
-1951608913L, -874201162L, -1277008416L, -241320669L, -2067541439L, 
68058416L, 1941673806L, 54263225L, 1986961355L, -1376627590L, 
1062651260L, -1060381249L, -315876715L, -1445017428L, 1931645570L, 
-1289479587L, -309998249L, -785731522L, -1069218696L, -331247781L, 
-1086408007L, -2044995832L, 1508961718L, 1731654385L, 602338595L, 
-173297806L, -664551996L, 1927972231L, 1831749469L, 1400719700L, 
2100579194L, -551130427L, -1512326113L, 620596134L, -651719376L, 
-498651181L, 1374068209L, 142338848L, 941508030L, -1087685175L, 
320741755L, 36890442L, -785827924L, -2038235473L, 1244265573L, 
-874042340L, -258522510L, -1549470483L, -112267993L, 425400654L, 
544799144L, 1639660971L, -1661741367L, 576884440L, 2060997510L, 
-1589705119L, 784285683L, 124465762L, -1135311660L, -79895081L, 
-928247859L, 528665444L, -1236791478L, 974886581L, 1006276111L, 
-1022664938L, -293271104L, -805758589L, 114367232L, 746895292L, 
-31432880L, 168952610L, 1316363592L, 1151117836L, 1267271772L, 
1129315538L, 959977984L, 1123741012L, 1663457768L, -206386182L, 
-444989232L, -1268085460L, 1056088820L, 263608722L, -1431423904L, 
1421354252L, 2105463520L, 2010007906L, -949151064L, 2141782604L, 
864203132L, -2112125646L, 1052192880L, 1568589636L, 572997080L, 
-158626694L, -14455248L, 537283260L, 2041487188L, 186750018L, 
1188183456L, -1596650820L, -890979888L, -1342177950L, 1730113512L, 
-381073460L, -1142780164L, -176135694L, 2023721088L, -1826847500L, 
216893064L, -1029810374L, -1839942832L, 1578116716L, 1607483540L, 
1405669714L, -194838816L, -1481280820L, 360935584L, 1879620482L, 
-507514136L, -623537428L, 824450108L, -1980231054L, 2049700976L, 
-173013468L, -1744813000L, 1155643418L, -1858692400L, -1818258372L, 
2088477844L, -215671678L, -1225963584L, 417093948L, -90369392L, 
-1950094302L, 1943094280L, 110053516L, 1581677596L, -41314670L, 
-652950400L, 1585729556L, -135650008L, -1827041734L, 846046416L, 
2140492908L, -2118192460L, 56334354L, -2084648992L, -2041581620L, 
-1031303712L, 1687617058L, -1863964376L, 150376716L, 2087102012L, 
-190213902L, 371075824L, -1228811452L, 184752728L, -1416904134L, 
2130396912L, 1526090940L, 1223314964L, 781369538L, 760045664L, 
-816943748L, 63814864L, 970558498L, 323926696L, -1421967476L, 
-421406276L, 567624754L, -751368384L, 386013364L, -433736888L, 
-638203206L, -893038832L, 1446115564L, -944729004L, 1518548754L, 
-332221536L, -800514100L, 1457204064L, -31432510L, -1271003608L, 
-29993556L, -329085124L, -266051726L, 1672114992L, -1928551900L, 
-1284034504L, -1775612710L, 766591376L, 1919612668L, 624054164L, 
755983170L, 1427118592L, 824599100L, 142857808L, -450719070L, 
1753168712L, 1364433420L, -718361380L, 92861010L, 473680000L, 
1936227156L, 2015891944L, 2147396346L, -205105328L, -1570118612L, 
412210548L, 278601362L, 1918319200L, -830958964L, -445355168L, 
-1682230558L, -1463723864L, -1167535924L, -801783300L, -1068433486L, 
-1348004368L, -481514044L, -412747944L, 1811405690L, -418710096L, 
-628801092L, 568942676L, -148180030L, 370205472L, -248506436L, 
1277506128L, -792138270L, -1008275096L, 1787907404L, -195567364L, 
124044018L, 498822912L, 376405620L, 889274376L, -1944505926L, 
86347728L, 1018595820L, 1883252628L, -1800908078L, 839220832L, 
-1848941236L, 510543136L, -180180350L, 1567988200L, 2085797868L, 
-843397572L, 470009458L, 768945008L, -1185502940L, -174906824L, 
453925274L, -1837483568L, 747201980L, 2022332564L, -482872190L, 
-294246976L, -26277060L, 312634512L, 224467746L, -800983544L, 
243016972L, 172094876L, 1352281618L, -808715392L, -1502588140L, 
1591783720L, 1524073530L, 1387113424L, -126690708L, 1511920180L, 
-360883566L, -1205803680L, 1012308300L, -1270831136L, -1098582622L, 
-218827352L, 1793644172L, 177323452L, 1714900594L, -354094096L, 
-556749244L, 1723543640L, -588924870L, -203644816L, -842344388L, 
-2025938668L, 875553474L, 725116640L, -716670852L, 318191312L, 
673545475L, -1653944316L, -1357750222L, -2100557689L, 1703265489L, 
-1333846442L, 1937501748L, -858094267L, 1373849487L, -485788920L, 
1447834918L, 808971731L, -1367808203L, 1939697298L, 601987680L, 
-1402389559L, -844694789L, -828980020L, 1972624730L, -1852116913L, 
-1270162151L, -452045010L, 2076289340L, 86417069L, 727439703L, 
-71116640L, 2113332734L, 1420376267L, -1200699699L, -892546566L, 
1138993720L, -1025546271L, 1557127315L, 1921319604L, -626864190L, 
1686780887L, 83547169L, 352871398L, -695152924L, 492722709L, 
1636323903L, 1658907096L, 1436753910L, 11315203L, -2114747579L, 
-310442142L, 385394896L, -619637767L, -1382027477L, 98847900L, 
872448714L, -714961985L, -1108293879L, 1691791390L, 1576649164L, 
523193245L, 1149126183L, 465407056L, -1781107474L, -130223717L, 
-1302960131L, 874783466L, 1858631048L, 110457649L, -1541231709L, 
-1976517724L, -891939246L, 1390015911L, 422900209L, -441539274L, 
335875540L, 839934821L, -1360319633L, -2137152088L, -111920378L, 
1508228659L, 1413559445L, -1009390350L, -890921664L, -158391639L, 
-526308581L, 1943264492L, -2094620422L, -672456401L, -1234397895L, 
-179808434L, 480697756L, 296435469L, 550386039L, 653073792L, 
565771230L, 384701611L, 1591750573L, -1068178406L, 1644628696L, 
-2033188031L, 513537011L, 1839431188L, 1076254626L, -1434228553L, 
355562113L, 1267765894L, -600595772L, -23854091L, -756508065L, 
-165622600L, -473871978L, 1392858019L, -1957017755L, -419037566L, 
-2094638096L, -1485300327L, -1139813493L, 913481340L, 1881904298L, 
259524319L, -833069975L, 938636926L, -969638292L, 706519741L, 
1828880263L, 1172990832L, -2099652082L, 1510913851L, 1379511325L, 
-383703862L, 2077745128L, -1029624623L, 1760413891L, -1298759740L, 
2069298290L, 1121080647L, 708888849L, -1232618346L, -173673996L, 
-1661148283L, 87632591L, -1518536760L, 1019690598L, -294170477L, 
-1731407883L, 1652607442L, 1398198816L, -1735947255L, 1735807291L, 
518108300L, -2140487398L, 1879259023L, -1364244263L, 1846118254L, 
